Accuracy: 0.6210515563870974
Precision: [0.7142857142857142, 0.5978260869565218, 0.5776699029126213, 0.6238095238095238, 0.3636363636363636, 0.5106382978723404, 0.3826086956521739, 0.42857142857142855, 0.47368421052631576, 0.6874999999999999, 0.6071428571428572, 0.846153846153846, 0.3888888888888888, 0.4705882352941176, 0.95, 0.9411764705882353, 0.7499999999999999, 0.95, 0.6363636363636364, 1.0, 0.5, 0.7142857142857143, 0.4, 0.3181818181818181, 0.9047619047619047, 0.75]
Recall: [0.6872059028753196, 0.5902721164496778, 0.3943190896722433, 0.44688010109535736, 0.5924284110042666, 0.628956168427785, 0.5445490062889932, 0.45, 0.45, 0.55, 0.85, 0.55, 0.35, 0.4, 0.95, 0.8, 0.6, 0.95, 0.7, 0.8605397180086503, 0.75, 0.75, 0.4, 0.35, 0.95, 0.7810839532412327]
F1 score: [0.7004841886831721, 0.5940250874969278, 0.4687013371248027, 0.5207261872720811, 0.4506567312312846, 0.5636550839440274, 0.4494363463274988, 0.4390243902439024, 0.46153846153846156, 0.6111111111111112, 0.7083333333333334, 0.6666666666666666, 0.3684210526315789, 0.4324324324324324, 0.9500000000000001, 0.8648648648648648, 0.6666666666666666, 0.9500000000000001, 0.6666666666666666, 0.9250431040834671, 0.6, 0.7317073170731706, 0.4000000000000001, 0.33333333333333326, 0.9268292682926829, 0.7652264445601248]
