Accuracy: 0.5026687463519477
Precision: [0.6567656765676568, 0.4864300626304801, 0.5274122807017544, 0.4970008568980291, 0.25213675213675213, 0.4175392670157068, 0.3236514522821577, 0.49504950495049493, 0.37894736842105253, 0.45, 0.4351145038167938, 0.6571428571428573, 0.3723404255319148, 0.2794117647058823, 0.8969072164948454, 0.6902654867256637, 0.3365384615384615, 0.7572815533980582, 0.4444444444444444, 0.7450980392156863, 0.42222222222222217, 0.5670103092783505, 0.3578947368421052, 0.3173076923076923, 0.8734177215189873, 0.7157894736842105]
Recall: [0.6285863212014765, 0.49160302816220525, 0.2921362636513624, 0.35960394317894623, 0.4780103967804873, 0.5759573002975563, 0.39269966754992663, 0.5, 0.36, 0.45, 0.57, 0.48207716656685773, 0.35, 0.19, 0.87, 0.78, 0.35000000000000003, 0.78, 0.72, 0.4363736979911046, 0.57, 0.55, 0.34, 0.33, 0.7019259157642974, 0.7027260357035494]
F1 score: [0.6423671044843433, 0.48900286509623614, 0.3760027496837763, 0.4172833677508839, 0.33013616258191647, 0.48411800686727247, 0.35484782307047, 0.49751243781094523, 0.3692307692307692, 0.45, 0.49350649350649345, 0.5561587050927754, 0.36082474226804123, 0.22619047619047616, 0.883248730964467, 0.732394366197183, 0.3431372549019608, 0.768472906403941, 0.5496183206106869, 0.5504002787356753, 0.4851063829787233, 0.5583756345177665, 0.3487179487179487, 0.3235294117647059, 0.7783375252389276, 0.7091976025803695]
