Accuracy: 0.5570608581120087
Precision: [0.6701570680628273, 0.5397923875432526, 0.5377855887521968, 0.5384615384615387, 0.2740740740740741, 0.45676274944567624, 0.33663366336633666, 0.5161290322580645, 0.396551724137931, 0.5818181818181816, 0.5189873417721519, 0.7435897435897436, 0.41818181818181815, 0.3333333333333333, 0.9137931034482758, 0.7183098591549295, 0.40625, 0.9074074074074073, 0.48275862068965525, 0.8421052631578946, 0.46341463414634143, 0.6440677966101694, 0.46, 0.38333333333333325, 0.9090909090909091, 0.7096774193548387]
Recall: [0.6805125222995647, 0.5562208019380941, 0.32046258954530693, 0.3944723590545133, 0.4914040184897852, 0.6145635640129565, 0.42824466999851324, 0.5333333333333333, 0.38333333333333336, 0.5333333333333333, 0.6833333333333333, 0.501659252983125, 0.38333333333333336, 0.21666666666666667, 0.8833333333333333, 0.85, 0.43333333333333335, 0.8166666666666667, 0.7, 0.6127981000305831, 0.6333333333333333, 0.6333333333333333, 0.38333333333333325, 0.38333333333333336, 0.8445063555632945, 0.7644219654477579]
F1 score: [0.6752950980438597, 0.5478834699452244, 0.40160915397116376, 0.4553552913075302, 0.351887539753808, 0.5240415355830442, 0.37695295000581963, 0.5245901639344263, 0.38983050847457623, 0.5565217391304348, 0.5899280575539569, 0.5991230289231807, 0.4, 0.2626262626262626, 0.8983050847457626, 0.7786259541984732, 0.41935483870967744, 0.8596491228070176, 0.5714285714285714, 0.7093811428932145, 0.5352112676056338, 0.6386554621848739, 0.41818181818181815, 0.38333333333333336, 0.8756093157609677, 0.7360331512651247]
