Accuracy: 0.5247451610641646
Precision: [0.664, 0.4961439588688945, 0.5317997293640054, 0.5154185022026431, 0.2620320855614973, 0.43371522094926357, 0.32487309644670054, 0.48780487804878053, 0.3670886075949367, 0.47435897435897434, 0.4766355140186916, 0.7037037037037037, 0.4225352112676057, 0.28846153846153844, 0.9090909090909092, 0.6956521739130436, 0.38372093023255816, 0.7777777777777778, 0.4552845528455285, 0.8095238095238096, 0.45631067961165056, 0.5925925925925926, 0.4133333333333334, 0.345679012345679, 0.8939393939393939, 0.725]
Recall: [0.6648068225128713, 0.5145340680516637, 0.29887725410898747, 0.3674899092283349, 0.49215658325589906, 0.5902226692746488, 0.4035234974961798, 0.5, 0.3625, 0.4624999999999999, 0.6375, 0.4934280262878948, 0.375, 0.1875, 0.875, 0.8, 0.4125, 0.7875000000000001, 0.7000000000000001, 0.48815222786147716, 0.5875, 0.6000000000000001, 0.38750000000000007, 0.35, 0.7535027761380669, 0.7478097671778855]
F1 score: [0.6644031663139217, 0.5051717019591155, 0.38268266970318476, 0.4290617149791669, 0.3419855568383985, 0.5000079748152292, 0.35995206240864586, 0.4938271604938272, 0.36477987421383645, 0.4683544303797468, 0.5454545454545454, 0.5800984485014642, 0.3973509933774834, 0.22727272727272727, 0.89171974522293, 0.7441860465116279, 0.3975903614457831, 0.782608695652174, 0.5517241379310346, 0.6090439211965342, 0.5136612021857924, 0.5962732919254659, 0.4, 0.34782608695652173, 0.8177353078206601, 0.7362282533511808]
