Accuracy: 0.5875440136966991
Precision: [0.6692913385826772, 0.5578947368421053, 0.5570291777188329, 0.556043956043956, 0.28089887640449435, 0.4742268041237113, 0.35046728971962615, 0.5121951219512194, 0.37499999999999994, 0.6111111111111109, 0.5614035087719298, 0.826086956521739, 0.4594594594594594, 0.5, 0.925, 0.7727272727272728, 0.4615384615384615, 0.9714285714285714, 0.49090909090909085, 1.0, 0.49999999999999994, 0.7368421052631579, 0.48484848484848475, 0.3255813953488371, 0.926829268292683, 0.7380952380952381]
Recall: [0.6670957044949918, 0.5699112063938293, 0.3295380868488507, 0.4176299537275483, 0.49741852265041386, 0.6174003567841323, 0.4676321293407635, 0.525, 0.375, 0.55, 0.8, 0.49217593571579604, 0.425, 0.32500000000000007, 0.925, 0.85, 0.45, 0.85, 0.675, 0.7171164316738753, 0.7, 0.7, 0.4, 0.35, 0.9692348146200368, 0.8094697679926579]
F1 score: [0.668191717866361, 0.5638389554894154, 0.41409679080348866, 0.47699873500280254, 0.3590419648460862, 0.5364245386109364, 0.4006597759086715, 0.5185185185185185, 0.37499999999999994, 0.5789473684210525, 0.6597938144329897, 0.6168422447492214, 0.4415584415584415, 0.393939393939394, 0.925, 0.8095238095238095, 0.45569620253164556, 0.9066666666666667, 0.5684210526315789, 0.8352566179508487, 0.5833333333333333, 0.717948717948718, 0.4383561643835616, 0.33734939759036137, 0.9475578406169666, 0.772136587202598]
