Accuracy: 0.5273734121900331
Precision: [0.624390243902439, 0.49056603773584934, 0.5106007067137808, 0.5355587808417999, 0.46153846153846145, 0.4810495626822159, 0.5038167938931298, 0.5428571428571428, 0.2816901408450704, 0.32467532467532473, 0.423728813559322, 0.5106382978723405, 0.40277777777777785, 0.38095238095238093, 0.5974025974025975, 0.4507042253521127, 0.40384615384615385, 0.6, 0.746268656716418, 0.5303030303030303, 0.6285714285714286, 0.7142857142857143, 0.6666666666666666, 0.6176470588235294, 0.4655172413793104, 0.8214285714285715]
Recall: [0.6063177338781538, 0.48468043450059883, 0.17592289586860915, 0.26312773698226133, 0.5153591059025184, 0.24377363850654152, 0.3660687994009909, 0.6397306397306397, 0.3805441299098865, 0.4872564186876391, 0.4620987018665163, 0.713213633189595, 0.5623410766847746, 0.2865376493525615, 0.9170752810430189, 0.6897805613249657, 0.4282557532303081, 0.8795740669903431, 0.9163495285552978, 0.7082102229559325, 0.7878212393499076, 0.9162906199256993, 0.668127682394785, 0.7562031379252581, 0.6669447205559905, 0.7666666666666667]
F1 score: [0.6152212946913173, 0.4876054763382972, 0.261684680962929, 0.35288030254424385, 0.4869662015868533, 0.32357463724863805, 0.4240364716470378, 0.5873261205564142, 0.32373899777151727, 0.38968826439102233, 0.44208275602067726, 0.5951605523966802, 0.46936911070168064, 0.3270676558374612, 0.7235010332024335, 0.5451839729676989, 0.4156929273535607, 0.7133734660106751, 0.8226097101733876, 0.6064788185945846, 0.6992438369563593, 0.8027754189912941, 0.6673963749442728, 0.679938242346904, 0.5483173420414761, 0.7931034482758621]
