Accuracy: 0.48873554813068
Precision: [0.5947955390334573, 0.4385964912280702, 0.45059288537549413, 0.4994523548740414, 0.43181818181818177, 0.4505494505494507, 0.44117647058823534, 0.48387096774193555, 0.2577319587628865, 0.29670329670329676, 0.3888888888888889, 0.4444444444444444, 0.3958333333333334, 0.3709677419354839, 0.5200000000000001, 0.449438202247191, 0.3170731707317074, 0.5625, 0.7473684210526317, 0.45783132530120485, 0.6000000000000001, 0.6436781609195402, 0.676923076923077, 0.6162790697674418, 0.3924050632911392, 0.7590361445783131]
Recall: [0.5499704273400795, 0.38391486651076484, 0.15021934886406282, 0.23530710844582375, 0.48215377462379966, 0.21358890639600112, 0.3377070347900707, 0.6065562755476449, 0.3492701644938541, 0.40324017513919264, 0.4846632148990278, 0.6383569932312092, 0.5354365606032078, 0.29998297705360255, 0.866133732548257, 0.6538774255071952, 0.3961427091274703, 0.9074674153849184, 0.9187373939272799, 0.5759339155081404, 0.7383646703807456, 0.8835884827422994, 0.6095812765746856, 0.7270405489696576, 0.6431235385451236, 0.7875]
F1 score: [0.5715053843161936, 0.4094380261077923, 0.22532087726062325, 0.31989976393323627, 0.45559990073511447, 0.2897961348378506, 0.38256914332558034, 0.5383118843468601, 0.2965989085819461, 0.34186386226897136, 0.4315258089588653, 0.5240373892057124, 0.45517124509674195, 0.331720361770621, 0.6498500546510779, 0.5327169981415267, 0.35222498094152377, 0.6945057636129337, 0.8242397443042593, 0.5101363006103125, 0.662030031175905, 0.7447901935677703, 0.6414896805467375, 0.6670934704630714, 0.48741277140836414, 0.7730061349693252]
