Accuracy: 0.6029683343993328
Precision: [0.8028169014084506, 0.6972477064220187, 0.6795580110497235, 0.6815920398009949, 0.6956521739130435, 0.5378787878787878, 0.5809523809523811, 0.41666666666666663, 0.5, 0.3870967741935483, 0.3333333333333333, 0.5517241379310345, 0.5238095238095238, 1.0, 0.7307692307692307, 0.4285714285714285, 0.4666666666666666, 0.6363636363636364, 0.7916666666666666, 0.47058823529411764, 0.6129032258064515, 0.9523809523809523, 0.625, 0.6666666666666667, 0.6923076923076923, 0.6]
Recall: [0.760450888394629, 0.6912971015996827, 0.2179317371007955, 0.32994362823222023, 0.5846989933373521, 0.3549067944259468, 0.4672877677405382, 0.5464190556537433, 0.2685345457806608, 0.7213743936559561, 0.3023522334286684, 0.9706350415390562, 0.6597782258064516, 0.3622831347688333, 0.979381443298969, 0.807675388063766, 0.44190981432360743, 0.8509382625198496, 0.9951503394762367, 0.8380213385063046, 0.9912319158263919, 1.0, 0.7809983896940419, 0.6841420847306822, 0.6415521569018945, 0.5313280799538728]
F1 score: [0.781059815696942, 0.6942596533608367, 0.330025514194487, 0.4446446283469178, 0.635368071204094, 0.42764318819524927, 0.517957534058002, 0.4728023710575739, 0.34941115822957475, 0.5038321408247215, 0.3170878279427392, 0.7035432751490311, 0.5839839393263441, 0.5318764147077389, 0.8370044052863436, 0.5599959332176236, 0.4539509536784741, 0.7281724947229524, 0.8818220885259992, 0.6027206138821067, 0.7574539363484085, 0.975609756097561, 0.6943450250536866, 0.675291335922986, 0.6659642592930083, 0.5635798379287498]
