Accuracy: 0.5821110460686169
Precision: [0.6783216783216783, 0.5662100456621006, 0.561712846347607, 0.5720620842572064, 0.5578947368421052, 0.5040322580645162, 0.5654761904761905, 0.5999999999999999, 0.2941176470588235, 0.3571428571428571, 0.4081632653061225, 0.65625, 0.42105263157894735, 0.5454545454545454, 0.6666666666666667, 0.5000000000000001, 0.38461538461538464, 0.673913043478261, 0.782608695652174, 0.5714285714285715, 0.6599999999999999, 0.8378378378378378, 0.7575757575757576, 0.6666666666666666, 0.5416666666666666, 0.8048780487804879]
Recall: [0.6627468960443, 0.5628446937381796, 0.2259128369764418, 0.3095502177500647, 0.6145974381972454, 0.3024907762268788, 0.419432514719466, 0.675, 0.31902102996592757, 0.5343176007311781, 0.5464959540079347, 0.8129897088439697, 0.5537912696104311, 0.30694629652079036, 0.9605133871727529, 0.6820360880186689, 0.463480087857143, 0.8930349464249774, 0.942719836729816, 0.8292333323347338, 0.8761948852282059, 0.9105306742392858, 0.7003442352570813, 0.8230895462764349, 0.6400675650087017, 0.825]
F1 score: [0.6704438466762082, 0.5645223541799991, 0.3222295701403403, 0.401722939539729, 0.5848749925096544, 0.37807998656672387, 0.48162656972007506, 0.6352941176470588, 0.3060635977204006, 0.4281237891402101, 0.46730722031833766, 0.726259293452726, 0.47838483911204255, 0.3928322085175704, 0.7870576542580476, 0.5770010703834764, 0.42038090766608066, 0.7681529987665591, 0.8552350789330204, 0.6766052781243705, 0.7528844547151443, 0.8726730619088386, 0.7278366675770402, 0.7366659852355956, 0.5867702823302076, 0.8148148148148149]
