Accuracy: 0.4490048200397241
Precision: [0.5638629283489096, 0.3752417794970985, 0.40818467995802715, 0.47259658580413305, 0.3796296296296296, 0.4145907473309609, 0.4042105263157895, 0.42608695652173906, 0.23966942148760326, 0.24999999999999994, 0.37037037037037035, 0.34444444444444444, 0.34453781512605036, 0.3488372093023255, 0.4918032786885246, 0.42477876106194684, 0.2972972972972972, 0.5441176470588235, 0.7024793388429751, 0.43, 0.591304347826087, 0.6095238095238095, 0.6097560975609756, 0.5619047619047619, 0.3300970873786408, 0.7181818181818181]
Recall: [0.48265531850811766, 0.32630140419553444, 0.1279872141864818, 0.20015077543001114, 0.40778195126696637, 0.1801308560286927, 0.3064568937254955, 0.5297853072837684, 0.3396614994130895, 0.3736134482710939, 0.45977398140352893, 0.6172581036363707, 0.47209745039915496, 0.3180267852843302, 0.8436082049468224, 0.6166034844758812, 0.41802689689706307, 0.879494287184866, 0.8737666996268522, 0.56511031268876, 0.7440032726889074, 0.8337885233565854, 0.5577261377355333, 0.6662549341613313, 0.6067682938955292, 0.79]
F1 score: [0.5201083537616398, 0.34906452634391166, 0.19487190817707492, 0.28120682016722637, 0.3932025255530384, 0.2511446895368248, 0.3486106125385298, 0.4723112443743962, 0.28103618201280683, 0.29955531692501175, 0.4102579495125315, 0.44215568526911, 0.39835513099595243, 0.3327202462947175, 0.6213654535783211, 0.503023871060667, 0.3474739639836793, 0.6723017005318108, 0.7788162995832062, 0.4883829086236572, 0.6589228776633776, 0.7042328199043423, 0.5825817352449968, 0.6096468095263874, 0.42757999288268395, 0.7523809523809524]
